1 1 1 - 10
1 1 2 - 10
1 1 3 - 10
1 1 4 - 10
1 1 5 - 10
1 1 6 - 10
1 1 7 - 10
1 1 8 - 20
1 2 1 - 1
1 2 2 - 1
1 2 3 - 1
1 2 4 - 1
1 2 5 - 10
1 2 6 - 5
1 2 7 - 5
1 2 8 - 10
1 3 1 - 32
1 3 2 - 31
1 3 3 - 154
1 3 4 - 153
1 3 5 - 153
1 3 6 - 15
1 3 7 - 0
1 3 8 - 15
1 4 1 - 13,5
1 4 2 - 18,3548387096774
1 4 3 - 3,39350649350649
1 4 4 - 2,5
1 4 5 - 24,3745098039216
1 4 6 - 80,8
1 4 7 - 0
1 4 8 - 80,8
1 5 1 - 0,72
1 5 2 - 0,948333333333333
1 5 3 - 0,871
1 5 4 - 0,6375
1 5 5 - 6,2155
1 5 6 - 2,02
1 5 7 - 0
1 5 8 - 1,01
1 6 1 - 1
1 6 2 - 1
1 6 3 - 1
1 6 4 - 1
1 6 5 - 10
1 6 6 - 5
1 6 7 - 0
1 6 8 - 5
1 7 1 - 1
1 7 2 - 1
1 7 3 - 1
1 7 4 - 0
1 7 5 - 3
1 7 6 - 0
1 7 7 - 0
1 7 8 - 0
1 8 1 - 72
1 8 2 - 94,8333333333333
1 8 3 - 87,1
1 8 4 - 63,75
1 8 5 - 62,155
1 8 6 - 40,4
1 8 7 - 0
1 8 8 - 20,2
2 1 1 - 10
2 1 2 - 10
2 1 3 - 10
2 1 4 - 20
2 2 1 - 1,96666666666667
2 2 2 - 20,7
2 2 3 - 100
2 2 4 - 60,35
2 3 1 - 73,03
2 3 2 - 77,8
2 3 3 - 0
2 3 4 - 38,9
2 4 1 - 25
2 4 2 - 1,5
2 4 3 - 0
2 4 4 - 0,75
2 5 1 - 0
2 5 2 - 0
2 5 3 - 0
2 5 4 - 0
2 6 1 - 0
2 6 2 - 0
2 6 3 - 0
2 6 4 - 0
3 1 1 - 10
3 1 2 - 10
3 1 3 - 10
3 1 4 - 10
3 2 1 - 0
3 2 2 - 20,67
3 2 3 - 76,85
3 2 4 - 51
3 3 1 - 0
3 3 2 - 0
3 3 3 - 0
3 3 4 - 0
3 4 1 - 28
3 4 2 - 5,16
3 4 3 - 12,9
3 4 4 - 36,25
3 5 1 - 0
3 5 2 - 0
3 5 3 - 0
3 5 4 - 0
3 6 1 - 72
3 6 2 - 74,17
3 6 3 - 10,25
3 6 4 - 12,75
3 7 1 - 0
3 7 2 - 0
3 7 3 - 0
3 7 4 - 0
4 1 1 - 0
4 2 1 - 29
5 1 1 - 0
5 1 2 - 150
5 1 3 - 15
5 1 4 - 3
5 2 1 - 2
5 2 2 - 4
5 2 3 - 0
5 2 4 - 0
5 3 2 - 46,7333333333333
5 3 3 - 87,9
5 3 4 - 3
5 4 2 - 1,3
5 4 3 - 0,1
5 4 4 - 0
5 5 2 - 14,8066666666667
5 5 3 - 77,8
5 5 4 - 0
5 6 2 - 9
5 6 3 - 10
5 6 4 - 3
5 7 2 - 21,6266666666667
5 7 3 - 0
5 7 4 - 0
6 1 2 - 2,78174037089872
6 1 3 - 0,113765642775882
6 1 4 - 0
6 2 2 - 31,6833095577746
6 2 3 - 88,509670079636
6 2 4 - 0
6 3 2 - 19,2582025677603
6 3 3 - 11,3765642775882
6 3 4 - 100
6 4 2 - 46,2767475035663
6 4 3 - 0
6 4 4 - 0
7 1 1 - 0
7 1 2 - 129,36
7 1 3 - 927,179999999996
7 1 4 - 1328,04
7 1 5 - 460,5
7 1 6 - 0
7 1 7 - 0
7 1 8 - 0
7 1 9 - 2845,08
7 2 1 - 0
7 2 2 - 4,54679657514026
7 2 3 - 32,5888902948247
7 2 4 - 46,6784765279008
7 2 5 - 16,1858366021342
7 2 6 - 0
7 2 7 - 0
7 2 8 - 0
7 2 9 - 100
7 3 1 - 0
7 3 2 - 0
7 3 3 - 0
7 3 4 - 0
7 3 5 - 0
7 3 6 - 0
7 3 7 - 0
7 3 8 - 0
7 3 9 - 0
7 4 1 - 0
7 4 2 - 0
7 4 3 - 0
7 4 4 - 0
7 4 5 - 0
7 4 6 - 0
7 4 7 - 0
7 4 8 - 0
7 4 9 - 0
7 5 1 - 0
7 5 2 - 129,36
7 5 3 - 927,179999999996
7 5 4 - 1328,04
7 5 5 - 460,5
7 5 6 - 0
7 5 7 - 0
7 5 8 - 0
7 5 9 - 2845,08
7 6 1 - 0
7 6 2 - 4,54679657514026
7 6 3 - 32,5888902948247
7 6 4 - 46,6784765279008
7 6 5 - 16,1858366021342
7 6 6 - 0
7 6 7 - 0
7 6 8 - 0
7 6 9 - 100
8 1 1 - 0
8 1 2 - 0
8 1 3 - 0
8 1 4 - 3
8 2 2 - 0
8 2 3 - 0
8 2 4 - 31597,5
8 2 5 - 31597,5
8 3 2 - 0
8 3 3 - 0
8 3 4 - 100
8 3 5 - 100
9 1 1 - 0
9 1 2 - 0
9 1 3 - 0
